Precision = 1.0
Recall = 0.48944281524926686
F-measure = 0.6572159873990943
CorrectMorphemes = 715
CorrectTags = 715
AllWordforms = 1669
TotallyCorrect = 715
ShareCorrect = 0.4284002396644697
